,country,year,lifespan,cantril_score,edu_spend_pc_gdp,health_spend_pc_gdp,gini_coefficient
0,Albania,2011,78.0919,5.133704,3.2400084,2.387,0.4833999977777778
1,Argentina,2011,76.124,6.242357,5.29063,5.688,0.5548189
2,Australia,2011,82.1336,7.344625,5.06814,5.911,0.4870351
3,Austria,2011,80.8285,7.227316,5.59227,7.481,0.44313163
4,Belgium,2011,80.3649,7.113178,6.43199,7.898,0.43271226
5,Brazil,2011,73.3432,6.697499,5.73741,3.467,0.6854958
6,Bulgaria,2011,74.1895,3.889474,3.54698,3.86,0.4723393
7,Canada,2011,81.5286,7.499089,5.26205,7.31,0.5246289
8,Chile,2011,79.1099,6.12797,4.06173,4.026,0.76166683
9,China,2011,75.9032,4.679718,3.521965,2.315,0.5645658
10,Colombia,2011,75.3198,6.202322,4.46608,5.15,0.67548525
11,Costa Rica,2011,79.3477,7.251115,6.37989,5.919,0.66096216
12,Croatia,2011,77.2222,5.622628,4.12565,5.972,0.46920025
13,Cyprus,2011,79.9991,6.416459,6.52042,3.085,0.49410275
14,Czechia,2011,77.8191,6.35963,4.24209,5.811,0.37447533
15,Denmark,2011,79.7845,7.85574,8.48486,8.735,0.42088237
16,Estonia,2011,76.4681,5.329978,5.01449,4.463,0.5001744
17,Finland,2011,80.3915,7.579009,6.44505,7.158,0.44008818
18,France,2011,81.813,6.746459,5.482983,8.501,0.44431713
19,Germany,2011,80.36,6.572111,4.98425,8.958,0.48282838
20,Greece,2011,80.5469,6.132965,4.5163,6.04,0.4532049
21,Hungary,2011,74.9232,4.942787,4.56318,4.973,0.42088452
22,Iceland,2011,82.178,6.888284,6.78998,6.563,0.38216293
23,India,2011,67.359,4.974501,3.79618,0.91,0.4823799894
24,Israel,2011,81.7274,7.198713,5.45581,4.354,0.6226272
25,Italy,2011,82.235,6.578179,4.11568,6.757,0.49663877
26,Japan,2011,82.6756,6.059098,3.60528,8.783,0.5353215
27,Latvia,2011,73.6934,4.76201,5.07162,3.635,0.49344924
28,Lithuania,2011,73.9256,5.588069,5.11343,4.606,0.4699183
29,Luxembourg,2011,80.7663,7.050853,4.989581,4.95,0.46905535
30,Malta,2011,81.1465,5.959978,7.69613,5.447,0.4408063
31,Mexico,2011,74.3651,6.740288,5.10565,2.914,0.74897563
32,Netherlands,2011,81.0999,7.512336,5.46304,8.459,0.40516087
33,New Zealand,2011,80.8863,7.372486,6.270788,7.7,0.446649
34,Norway,2011,81.243,7.524001,6.41491,7.42,0.4172011
35,Peru,2011,74.1327,5.25838,2.6635,2.32,0.68850374
36,Poland,2011,76.6506,5.803043,4.86102,4.423,0.476833
37,Portugal,2011,80.4971,5.327314,5.12333,6.282,0.49764186
38,Romania,2011,74.4314,5.178499,2.91376,3.538,0.5271763
39,Serbia,2011,74.7717,4.564279,4.23836,5.634,0.48796276666666666
40,Slovakia,2011,76.0166,5.656836,3.89836,5.408,0.4075269
41,Slovenia,2011,79.9905,5.922324,5.54126,6.268,0.40836176
42,South Africa,2011,60.6507,5.10052,5.28898,4.063,0.71863455
43,Spain,2011,82.1974,6.761248,4.89692,6.737,0.4537086
44,Sweden,2011,81.7581,7.379463,6.36692,8.8,0.41474393
45,Switzerland,2011,82.5707,7.498953,4.85664,6.493,0.43885306
46,Turkey,2011,74.9406,5.233999,4.22152,3.682,0.5945521
47,United Kingdom,2011,80.8046,6.936396,5.55896,7.973,0.4753692
48,United States,2011,78.82,7.270243,6.4976835,7.876,0.57343394
